5.000000000000000000e+01 9.549999999999999600e-01
1.000000000000000000e+02 9.070000000000000284e-01
1.500000000000000000e+02 8.820000000000000062e-01
2.000000000000000000e+02 8.549999999999999822e-01
2.500000000000000000e+02 8.100000000000000533e-01
3.000000000000000000e+02 7.920000000000000373e-01
3.500000000000000000e+02 7.810000000000000275e-01
4.000000000000000000e+02 7.409999999999999920e-01
4.500000000000000000e+02 7.069999999999999618e-01
5.000000000000000000e+02 6.680000000000000382e-01
5.500000000000000000e+02 6.440000000000000169e-01
6.000000000000000000e+02 6.270000000000000018e-01
6.500000000000000000e+02 5.799999999999999600e-01
7.000000000000000000e+02 5.799999999999999600e-01
7.500000000000000000e+02 5.620000000000000551e-01
8.000000000000000000e+02 5.390000000000000346e-01
